 P    0.0  0.0  0.0
 P    4.0912587  4.0912587  0.0
 P    0.0  8.1806272  0.0
 P    4.0912587  12.2718941  0.0
 P    0.0  16.3612708  0.0
 P    4.0912587  20.4525295  0.0
 P    0.0  24.5419062  0.0
 P    4.0912587  28.6331649  0.0
 P    0.0  32.7244236  0.0
 P    4.0912587  36.8138003  0.0
 P    0.0  40.905059  0.0
 P    4.0912587  44.9944357  0.0
 P    0.0  49.0856944  0.0
 P    4.0912587  53.1749893  0.0
 P    0.0  57.266248  0.0
 P    4.0912587  61.3575067  0.0
 P    0.0  65.4468834  0.0
 P    4.0912587  69.5381421  0.0
 P    0.0  73.6275188  0.0
 P    4.0912587  77.7187775  0.0
 P    8.1806272  0.0  0.0
 P    12.2718941  4.0912587  0.0
 P    8.1806272  8.1806272  0.0
 P    12.2718941  12.2718941  0.0
 P    8.1806272  16.3612708  0.0
 P    12.2718941  20.4525295  0.0
 P    8.1806272  24.5419062  0.0
 P    12.2718941  28.6331649  0.0
 P    8.1806272  32.7244236  0.0
 P    12.2718941  36.8138003  0.0
 P    8.1806272  40.905059  0.0
 P    12.2718941  44.9944357  0.0
 P    8.1806272  49.0856944  0.0
 P    12.2718941  53.1749893  0.0
 P    8.1806272  57.266248  0.0
 P    12.2718941  61.3575067  0.0
 P    8.1806272  65.4468834  0.0
 P    12.2718941  69.5381421  0.0
 P    8.1806272  73.6275188  0.0
 P    12.2718941  77.7187775  0.0
 P    16.3612708  0.0  0.0
 P    20.4525295  4.0912587  0.0
 P    16.3612708  8.1806272  0.0
 P    20.4525295  12.2718941  0.0
 P    16.3612708  16.3612708  0.0
 P    20.4525295  20.4525295  0.0
 P    16.3612708  24.5419062  0.0
 P    20.4525295  28.6331649  0.0
 P    16.3612708  32.7244236  0.0
 P    20.4525295  36.8138003  0.0
 P    16.3612708  40.905059  0.0
 P    20.4525295  44.9944357  0.0
 P    16.3612708  49.0856944  0.0
 P    20.4525295  53.1749893  0.0
 P    16.3612708  57.266248  0.0
 P    20.4525295  61.3575067  0.0
 P    16.3612708  65.4468834  0.0
 P    20.4525295  69.5381421  0.0
 P    16.3612708  73.6275188  0.0
 P    20.4525295  77.7187775  0.0
 P    24.5419062  0.0  0.0
 P    28.6331649  4.0912587  0.0
 P    24.5419062  8.1806272  0.0
 P    28.6331649  12.2718941  0.0
 P    24.5419062  16.3612708  0.0
 P    28.6331649  20.4525295  0.0
 P    24.5419062  24.5419062  0.0
 P    28.6331649  28.6331649  0.0
 P    24.5419062  32.7244236  0.0
 P    28.6331649  36.8138003  0.0
 P    24.5419062  40.905059  0.0
 P    28.6331649  44.9944357  0.0
 P    24.5419062  49.0856944  0.0
 P    28.6331649  53.1749893  0.0
 P    24.5419062  57.266248  0.0
 P    28.6331649  61.3575067  0.0
 P    24.5419062  65.4468834  0.0
 P    28.6331649  69.5381421  0.0
 P    24.5419062  73.6275188  0.0
 P    28.6331649  77.7187775  0.0
 P    32.7244236  0.0  0.0
 P    36.8138003  4.0912587  0.0
 P    32.7244236  8.1806272  0.0
 P    36.8138003  12.2718941  0.0
 P    32.7244236  16.3612708  0.0
 P    36.8138003  20.4525295  0.0
 P    32.7244236  24.5419062  0.0
 P    36.8138003  28.6331649  0.0
 P    32.7244236  32.7244236  0.0
 P    36.8138003  36.8138003  0.0
 P    32.7244236  40.905059  0.0
 P    36.8138003  44.9944357  0.0
 P    32.7244236  49.0856944  0.0
 P    36.8138003  53.1749893  0.0
 P    32.7244236  57.266248  0.0
 P    36.8138003  61.3575067  0.0
 P    32.7244236  65.4468834  0.0
 P    36.8138003  69.5381421  0.0
 P    32.7244236  73.6275188  0.0
 P    36.8138003  77.7187775  0.0
 P    40.905059  0.0  0.0
 P    44.9944357  4.0912587  0.0
 P    40.905059  8.1806272  0.0
 P    44.9944357  12.2718941  0.0
 P    40.905059  16.3612708  0.0
 P    44.9944357  20.4525295  0.0
 P    40.905059  24.5419062  0.0
 P    44.9944357  28.6331649  0.0
 P    40.905059  32.7244236  0.0
 P    44.9944357  36.8138003  0.0
 P    40.905059  40.905059  0.0
 P    44.9944357  44.9944357  0.0
 P    40.905059  49.0856944  0.0
 P    44.9944357  53.1749893  0.0
 P    40.905059  57.266248  0.0
 P    44.9944357  61.3575067  0.0
 P    40.905059  65.4468834  0.0
 P    44.9944357  69.5381421  0.0
 P    40.905059  73.6275188  0.0
 P    44.9944357  77.7187775  0.0
 P    49.0856944  0.0  0.0
 P    53.1749893  4.0912587  0.0
 P    49.0856944  8.1806272  0.0
 P    53.1749893  12.2718941  0.0
 P    49.0856944  16.3612708  0.0
 P    53.1749893  20.4525295  0.0
 P    49.0856944  24.5419062  0.0
 P    53.1749893  28.6331649  0.0
 P    49.0856944  32.7244236  0.0
 P    53.1749893  36.8138003  0.0
 P    49.0856944  40.905059  0.0
 P    53.1749893  44.9944357  0.0
 P    49.0856944  49.0856944  0.0
 P    53.1749893  53.1749893  0.0
 P    49.0856944  57.266248  0.0
 P    53.1749893  61.3575067  0.0
 P    49.0856944  65.4468834  0.0
 P    53.1749893  69.5381421  0.0
 P    49.0856944  73.6275188  0.0
 P    53.1749893  77.7187775  0.0
 P    57.266248  0.0  0.0
 P    61.3575067  4.0912587  0.0
 P    57.266248  8.1806272  0.0
 P    61.3575067  12.2718941  0.0
 P    57.266248  16.3612708  0.0
 P    61.3575067  20.4525295  0.0
 P    57.266248  24.5419062  0.0
 P    61.3575067  28.6331649  0.0
 P    57.266248  32.7244236  0.0
 P    61.3575067  36.8138003  0.0
 P    57.266248  40.905059  0.0
 P    61.3575067  44.9944357  0.0
 P    57.266248  49.0856944  0.0
 P    61.3575067  53.1749893  0.0
 P    57.266248  57.266248  0.0
 P    61.3575067  61.3575067  0.0
 P    57.266248  65.4468834  0.0
 P    61.3575067  69.5381421  0.0
 P    57.266248  73.6275188  0.0
 P    61.3575067  77.7187775  0.0
 P    65.4468834  0.0  0.0
 P    69.5381421  4.0912587  0.0
 P    65.4468834  8.1806272  0.0
 P    69.5381421  12.2718941  0.0
 P    65.4468834  16.3612708  0.0
 P    69.5381421  20.4525295  0.0
 P    65.4468834  24.5419062  0.0
 P    69.5381421  28.6331649  0.0
 P    65.4468834  32.7244236  0.0
 P    69.5381421  36.8138003  0.0
 P    65.4468834  40.905059  0.0
 P    69.5381421  44.9944357  0.0
 P    65.4468834  49.0856944  0.0
 P    69.5381421  53.1749893  0.0
 P    65.4468834  57.266248  0.0
 P    69.5381421  61.3575067  0.0
 P    65.4468834  65.4468834  0.0
 P    69.5381421  69.5381421  0.0
 P    65.4468834  73.6275188  0.0
 P    69.5381421  77.7187775  0.0
 P    73.6275188  0.0  0.0
 P    77.7187775  4.0912587  0.0
 P    73.6275188  8.1806272  0.0
 P    77.7187775  12.2718941  0.0
 P    73.6275188  16.3612708  0.0
 P    77.7187775  20.4525295  0.0
 P    73.6275188  24.5419062  0.0
 P    77.7187775  28.6331649  0.0
 P    73.6275188  32.7244236  0.0
 P    77.7187775  36.8138003  0.0
 P    73.6275188  40.905059  0.0
 P    77.7187775  44.9944357  0.0
 P    73.6275188  49.0856944  0.0
 P    77.7187775  53.1749893  0.0
 P    73.6275188  57.266248  0.0
 P    77.7187775  61.3575067  0.0
 P    73.6275188  65.4468834  0.0
 P    77.7187775  69.5381421  0.0
 P    73.6275188  73.6275188  0.0
 P    77.7187775  77.7187775  0.0
